[34, 33, 38, 39, 36, 37, 4, 5, 3, 24, 11, 27, 26, 25, 46, 12, 13, 51, 10, 50, 32, 42, 14, 23, 47, 45, 43, 15, 28, 49, 19, 22, 29, 1, 6, 41, 20, 16, 2, 40, 7, 8, 9, 18, 44, 17, 30, 21, 0, 31, 48, 35]
distance : 8007.401721803347
crossover times : 178910
use time : 10.794445710297623

[14, 5, 3, 24, 11, 27, 26, 25, 46, 12, 13, 51, 10, 50, 32, 42, 9, 8, 7, 40, 18, 44, 31, 48, 0, 21, 30, 17, 2, 16, 20, 41, 6, 1, 29, 22, 19, 49, 28, 15, 45, 43, 33, 34, 35, 38, 39, 36, 37, 47, 23, 4]
distance : 7544.365901904086
crossover times : 186554
use time : 11.053234391518345

[21, 0, 48, 31, 44, 18, 40, 7, 8, 9, 42, 32, 50, 10, 51, 13, 12, 46, 25, 26, 27, 11, 24, 3, 5, 14, 4, 23, 47, 37, 36, 39, 38, 35, 34, 33, 43, 45, 15, 28, 49, 19, 22, 29, 20, 41, 1, 6, 16, 2, 17, 30]
distance : 7620.073477013577
crossover times : 197034
use time : 11.48450082622594

[31, 44, 18, 40, 7, 8, 9, 42, 32, 50, 10, 51, 13, 12, 46, 25, 26, 27, 11, 24, 3, 5, 14, 4, 23, 47, 37, 36, 39, 38, 35, 0, 21, 30, 20, 29, 41, 1, 6, 16, 2, 17, 22, 19, 49, 28, 15, 45, 43, 33, 34, 48]
distance : 7896.737995932661
crossover times : 189896
use time : 11.276308361815154

[20, 16, 2, 44, 18, 40, 7, 8, 9, 42, 32, 50, 27, 26, 25, 46, 12, 13, 51, 10, 11, 24, 3, 5, 14, 4, 23, 47, 37, 39, 38, 36, 45, 43, 33, 34, 35, 48, 31, 0, 21, 17, 30, 22, 19, 49, 15, 28, 29, 1, 6, 41]
distance : 7973.462864381481
crossover times : 194630
use time : 11.415295337213138

[14, 5, 3, 24, 11, 27, 26, 25, 46, 12, 13, 51, 10, 50, 32, 42, 9, 8, 7, 40, 18, 44, 31, 48, 0, 21, 30, 17, 2, 16, 20, 41, 6, 1, 29, 22, 19, 49, 28, 15, 45, 43, 33, 34, 35, 38, 39, 36, 37, 47, 23, 4]
distance : 7544.365901904086
crossover times : 191621
use time : 11.306502037339214

[31, 44, 18, 40, 7, 8, 9, 42, 32, 50, 10, 51, 13, 12, 46, 25, 26, 27, 11, 24, 3, 5, 14, 4, 23, 47, 37, 36, 39, 38, 35, 34, 33, 43, 45, 15, 28, 49, 19, 22, 29, 1, 6, 41, 20, 16, 2, 17, 30, 21, 0, 48]
distance : 7544.365901904086
crossover times : 181584
use time : 10.908723917438692

[5, 3, 24, 11, 27, 26, 25, 46, 12, 13, 51, 10, 50, 32, 42, 9, 8, 7, 40, 18, 44, 31, 48, 34, 33, 43, 45, 15, 28, 49, 19, 22, 29, 41, 1, 6, 20, 16, 2, 17, 30, 21, 0, 35, 38, 39, 36, 37, 47, 23, 4, 14]
distance : 7698.73678331424
crossover times : 191467
use time : 11.516585481007041

[14, 5, 3, 24, 11, 27, 26, 25, 46, 12, 13, 51, 10, 50, 32, 42, 9, 8, 7, 40, 18, 44, 31, 48, 0, 21, 30, 17, 2, 16, 20, 41, 6, 1, 29, 22, 19, 49, 28, 15, 45, 43, 33, 34, 35, 38, 39, 36, 37, 47, 23, 4]
distance : 7544.365901904086
crossover times : 184244
use time : 11.007531894366366

[4, 14, 5, 3, 24, 11, 27, 26, 25, 46, 12, 13, 51, 10, 50, 42, 32, 9, 8, 7, 40, 18, 44, 2, 17, 30, 20, 16, 6, 1, 41, 29, 28, 15, 49, 19, 22, 21, 0, 31, 48, 38, 35, 34, 33, 43, 45, 36, 39, 37, 47, 23]
distance : 8044.843998521323
crossover times : 186888
use time : 11.003896501114014

[16, 2, 17, 30, 21, 0, 48, 31, 44, 18, 40, 7, 8, 9, 42, 32, 50, 10, 51, 13, 12, 26, 46, 25, 27, 11, 24, 3, 5, 14, 4, 23, 47, 37, 36, 39, 38, 35, 34, 33, 43, 45, 15, 28, 49, 19, 29, 22, 20, 41, 1, 6]
distance : 7734.841170292453
crossover times : 188920
use time : 11.1374679516789

[33, 38, 39, 36, 37, 47, 23, 4, 14, 5, 24, 11, 50, 10, 51, 13, 12, 46, 25, 26, 27, 3, 42, 32, 9, 8, 7, 40, 18, 44, 2, 16, 17, 30, 20, 41, 6, 1, 29, 22, 19, 49, 28, 15, 45, 43, 0, 21, 31, 48, 35, 34]
distance : 8079.021001338883
crossover times : 180446
use time : 10.769580934199439

[38, 39, 37, 47, 23, 4, 14, 5, 3, 24, 11, 27, 26, 25, 46, 12, 13, 51, 10, 50, 32, 42, 9, 8, 7, 40, 18, 44, 2, 16, 6, 1, 41, 20, 30, 17, 21, 0, 31, 48, 35, 34, 33, 43, 49, 19, 22, 29, 28, 15, 45, 36]
distance : 7797.284323731421
crossover times : 185457
use time : 11.078116821135154

[33, 34, 48, 31, 44, 18, 40, 7, 8, 9, 32, 42, 50, 10, 51, 13, 12, 46, 25, 26, 27, 11, 24, 3, 5, 14, 4, 23, 47, 37, 36, 39, 38, 35, 0, 21, 30, 17, 2, 16, 20, 6, 1, 41, 29, 22, 19, 49, 28, 15, 45, 43]
distance : 7921.409690772968
crossover times : 188059
use time : 11.43459884431013

[14, 5, 3, 24, 11, 27, 26, 25, 46, 12, 13, 51, 10, 50, 32, 42, 9, 8, 7, 40, 18, 44, 31, 48, 0, 21, 30, 17, 2, 16, 20, 41, 6, 1, 29, 22, 19, 49, 28, 15, 45, 43, 33, 34, 35, 38, 39, 36, 37, 47, 23, 4]
distance : 7544.365901904086
crossover times : 180646
use time : 10.873311369071416

[0, 48, 31, 44, 18, 40, 7, 8, 9, 42, 32, 50, 10, 51, 13, 12, 46, 25, 26, 27, 11, 24, 3, 5, 14, 4, 23, 47, 37, 36, 39, 38, 35, 34, 33, 43, 45, 15, 28, 49, 19, 22, 29, 1, 6, 41, 20, 16, 2, 17, 30, 21]
distance : 7544.365901904087
crossover times : 189550
use time : 11.33976578296415

[14, 5, 3, 24, 11, 27, 26, 25, 46, 12, 13, 51, 10, 50, 32, 42, 9, 8, 7, 40, 18, 44, 31, 48, 0, 21, 30, 17, 2, 16, 20, 41, 6, 1, 29, 22, 19, 49, 28, 15, 45, 43, 33, 34, 35, 38, 39, 36, 37, 47, 23, 4]
distance : 7544.365901904086
crossover times : 177921
use time : 10.778432737013645

[14, 5, 3, 24, 11, 27, 26, 25, 46, 12, 13, 51, 10, 50, 32, 42, 9, 8, 7, 40, 18, 44, 31, 48, 0, 21, 30, 17, 2, 16, 20, 41, 6, 1, 29, 22, 19, 49, 28, 15, 45, 43, 33, 34, 35, 38, 39, 36, 37, 47, 23, 4]
distance : 7544.365901904086
crossover times : 179951
use time : 10.819362625858503

[0, 48, 31, 44, 18, 40, 7, 8, 9, 42, 32, 50, 10, 51, 13, 12, 46, 25, 26, 27, 11, 24, 3, 5, 14, 4, 23, 47, 37, 36, 39, 38, 35, 34, 33, 43, 45, 15, 28, 49, 19, 22, 29, 1, 6, 41, 20, 16, 2, 17, 30, 21]
distance : 7544.365901904087
crossover times : 189837
use time : 11.211554843940576

[35, 38, 39, 36, 37, 47, 23, 4, 14, 5, 3, 24, 11, 27, 26, 25, 46, 12, 13, 51, 10, 50, 32, 42, 9, 8, 7, 40, 18, 44, 31, 48, 34, 33, 43, 45, 15, 28, 49, 19, 22, 29, 41, 1, 6, 20, 16, 2, 17, 30, 21, 0]
distance : 7698.73678331424
crossover times : 176166
use time : 10.779946013075914

[14, 5, 3, 24, 11, 27, 26, 25, 46, 12, 13, 51, 10, 50, 32, 42, 9, 8, 7, 40, 18, 44, 31, 48, 0, 21, 30, 17, 2, 16, 20, 41, 6, 1, 29, 22, 19, 49, 28, 15, 45, 43, 33, 34, 35, 38, 39, 36, 37, 47, 23, 4]
distance : 7544.365901904086
crossover times : 190337
use time : 11.372562736705731

[21, 0, 48, 31, 44, 18, 40, 7, 8, 9, 42, 32, 50, 10, 51, 13, 12, 46, 25, 26, 27, 11, 24, 3, 5, 14, 4, 23, 47, 37, 36, 39, 38, 35, 34, 33, 43, 45, 15, 28, 49, 19, 22, 29, 1, 6, 41, 20, 16, 2, 17, 30]
distance : 7544.365901904086
crossover times : 194029
use time : 11.416421467500186

[36, 39, 38, 35, 34, 33, 43, 45, 15, 28, 49, 19, 22, 29, 1, 6, 41, 20, 16, 2, 17, 30, 21, 0, 48, 31, 44, 18, 40, 7, 8, 9, 42, 32, 50, 10, 51, 13, 12, 46, 25, 26, 27, 11, 24, 3, 5, 14, 4, 23, 47, 37]
distance : 7544.365901904088
crossover times : 185316
use time : 10.967252722439298

[51, 10, 50, 32, 42, 3, 5, 14, 4, 23, 47, 37, 36, 39, 38, 33, 34, 35, 48, 0, 21, 31, 44, 9, 8, 7, 40, 18, 2, 16, 17, 30, 20, 41, 6, 1, 29, 22, 19, 49, 28, 15, 43, 45, 24, 11, 27, 26, 25, 46, 12, 13]
distance : 7977.20350716254
crossover times : 179118
use time : 10.933344418101115

[28, 29, 41, 1, 6, 16, 2, 40, 8, 9, 7, 18, 44, 31, 48, 35, 34, 33, 38, 39, 36, 37, 14, 42, 32, 50, 10, 51, 13, 12, 46, 25, 26, 27, 11, 24, 3, 5, 4, 23, 47, 45, 43, 0, 21, 17, 30, 20, 22, 19, 49, 15]
distance : 8082.639607003824
crossover times : 185517
use time : 11.22561484537755

[46, 25, 26, 27, 11, 24, 3, 5, 4, 37, 36, 39, 38, 33, 34, 35, 48, 0, 21, 31, 44, 18, 9, 8, 7, 40, 2, 16, 6, 1, 41, 29, 20, 17, 30, 22, 19, 49, 28, 15, 43, 45, 47, 23, 14, 42, 32, 50, 10, 51, 13, 12]
distance : 8126.128082741384
crossover times : 187664
use time : 11.7337163736388

[35, 38, 39, 36, 37, 47, 23, 4, 14, 5, 3, 24, 11, 27, 26, 25, 46, 12, 13, 51, 10, 50, 32, 42, 9, 8, 7, 40, 18, 44, 17, 30, 21, 0, 48, 31, 2, 16, 20, 41, 6, 1, 29, 22, 19, 49, 28, 15, 45, 43, 33, 34]
distance : 7731.64840394612
crossover times : 187607
use time : 11.625285997269657

[14, 5, 3, 24, 11, 27, 26, 25, 46, 12, 13, 51, 10, 50, 32, 42, 9, 8, 7, 40, 18, 44, 31, 48, 0, 21, 30, 17, 2, 16, 20, 41, 6, 1, 29, 22, 19, 49, 28, 15, 45, 43, 33, 34, 35, 38, 39, 36, 37, 47, 23, 4]
distance : 7544.365901904086
crossover times : 194527
use time : 11.657835391200024

[18, 44, 31, 21, 0, 48, 35, 34, 33, 38, 39, 36, 37, 47, 23, 4, 14, 5, 3, 42, 32, 50, 10, 51, 13, 12, 46, 25, 26, 27, 11, 24, 45, 43, 15, 28, 49, 19, 22, 29, 1, 6, 41, 20, 30, 17, 16, 2, 40, 7, 8, 9]
distance : 7962.149077496547
crossover times : 170301
use time : 10.429740842237152

[14, 5, 3, 24, 11, 27, 26, 25, 46, 12, 13, 51, 10, 50, 32, 42, 9, 8, 7, 40, 18, 44, 31, 48, 0, 21, 30, 17, 2, 16, 20, 41, 6, 1, 29, 22, 19, 49, 28, 15, 45, 43, 33, 34, 35, 38, 39, 36, 37, 47, 23, 4]
distance : 7544.365901904086
crossover times : 194617
use time : 11.651048639550027

[48, 31, 44, 18, 40, 7, 8, 9, 42, 32, 50, 10, 51, 13, 12, 46, 25, 26, 27, 11, 24, 3, 5, 14, 4, 23, 47, 37, 36, 39, 38, 35, 0, 21, 30, 17, 2, 16, 20, 41, 6, 1, 29, 22, 19, 49, 28, 15, 45, 43, 33, 34]
distance : 7675.774696982933
crossover times : 179652
use time : 11.133776724040217

[8, 9, 18, 44, 31, 17, 30, 21, 0, 48, 35, 34, 33, 38, 39, 36, 37, 47, 23, 4, 14, 5, 3, 42, 32, 50, 11, 10, 51, 13, 12, 46, 25, 26, 27, 24, 45, 43, 15, 28, 49, 19, 22, 29, 1, 6, 41, 20, 16, 2, 40, 7]
distance : 8155.060457098978
crossover times : 178818
use time : 11.018599008529236

[21, 0, 48, 31, 44, 18, 40, 7, 8, 9, 42, 32, 50, 10, 51, 13, 12, 46, 25, 26, 27, 11, 24, 3, 5, 14, 4, 23, 47, 37, 36, 39, 38, 35, 34, 33, 43, 45, 15, 28, 49, 19, 29, 22, 20, 41, 1, 6, 16, 2, 17, 30]
distance : 7660.053970815396
crossover times : 189602
use time : 11.24577844833766

[38, 39, 36, 37, 47, 23, 4, 14, 5, 3, 24, 11, 27, 26, 25, 46, 13, 12, 51, 10, 50, 32, 42, 9, 8, 7, 40, 18, 44, 31, 48, 0, 21, 30, 17, 2, 16, 6, 1, 41, 20, 22, 29, 19, 49, 28, 15, 45, 43, 33, 34, 35]
distance : 7660.350280162938
crossover times : 171194
use time : 10.434302839958491

[14, 5, 3, 24, 11, 27, 26, 25, 46, 12, 13, 51, 10, 50, 32, 42, 9, 8, 7, 40, 18, 44, 2, 16, 20, 41, 6, 1, 29, 28, 49, 19, 22, 30, 17, 21, 0, 31, 48, 35, 34, 33, 43, 15, 45, 36, 38, 39, 37, 47, 23, 4]
distance : 7734.111179723077
crossover times : 199605
use time : 11.620453038560754

[20, 16, 2, 17, 30, 21, 0, 35, 38, 39, 36, 37, 47, 23, 4, 14, 5, 3, 24, 11, 27, 26, 25, 46, 12, 13, 51, 10, 50, 42, 32, 9, 8, 7, 40, 18, 44, 31, 48, 34, 33, 43, 45, 15, 49, 19, 22, 28, 29, 1, 6, 41]
distance : 8013.040022913345
crossover times : 190405
use time : 11.287356590818035

[14, 5, 3, 24, 11, 27, 26, 25, 46, 12, 13, 51, 10, 50, 32, 42, 9, 8, 7, 40, 18, 44, 31, 48, 0, 30, 20, 29, 41, 1, 6, 16, 2, 17, 21, 22, 19, 49, 28, 15, 45, 43, 33, 34, 35, 38, 39, 36, 37, 47, 23, 4]
distance : 7822.739355684059
crossover times : 182847
use time : 10.990337366956737

[31, 44, 18, 40, 7, 8, 9, 42, 32, 50, 10, 51, 13, 12, 46, 25, 26, 27, 11, 24, 3, 5, 14, 4, 23, 47, 37, 39, 38, 36, 45, 43, 33, 34, 35, 48, 21, 30, 17, 2, 16, 20, 41, 6, 1, 29, 28, 15, 49, 19, 22, 0]
distance : 7797.6240052898465
crossover times : 195686
use time : 11.710791842432172

[35, 38, 39, 36, 37, 47, 23, 4, 14, 5, 3, 24, 11, 27, 26, 25, 46, 12, 13, 51, 10, 50, 32, 42, 9, 8, 7, 40, 18, 44, 31, 48, 34, 33, 43, 45, 15, 28, 49, 19, 22, 29, 1, 6, 41, 20, 16, 2, 17, 30, 21, 0]
distance : 7675.774696982933
crossover times : 182549
use time : 11.210225903460014

[14, 5, 3, 24, 11, 27, 26, 25, 46, 13, 12, 51, 10, 50, 32, 42, 9, 8, 7, 40, 18, 44, 31, 48, 0, 21, 30, 17, 2, 16, 20, 41, 6, 1, 29, 22, 19, 49, 28, 15, 45, 43, 33, 34, 35, 38, 39, 36, 37, 47, 23, 4]
distance : 7544.662211251629
crossover times : 173219
use time : 10.521464420974553

[5, 3, 24, 11, 27, 26, 25, 46, 12, 13, 51, 10, 50, 32, 42, 9, 8, 7, 40, 18, 44, 2, 16, 6, 1, 41, 29, 28, 15, 49, 19, 22, 20, 30, 17, 21, 0, 31, 48, 34, 35, 38, 39, 37, 36, 33, 43, 45, 47, 23, 4, 14]
distance : 7786.592918034743
crossover times : 179641
use time : 10.723330767415064

[21, 0, 48, 31, 44, 18, 40, 7, 8, 9, 42, 32, 50, 10, 51, 13, 12, 46, 25, 26, 27, 11, 24, 3, 5, 14, 4, 23, 47, 37, 36, 39, 38, 35, 34, 33, 43, 45, 15, 28, 29, 49, 19, 22, 20, 41, 1, 6, 16, 2, 17, 30]
distance : 7669.619657257461
crossover times : 182588
use time : 10.832878652584895

[5, 3, 24, 11, 10, 51, 13, 12, 46, 25, 26, 27, 50, 32, 42, 9, 8, 7, 40, 18, 44, 31, 48, 0, 21, 30, 17, 2, 16, 20, 41, 6, 1, 29, 22, 19, 49, 28, 15, 43, 33, 34, 35, 38, 39, 37, 36, 45, 47, 23, 4, 14]
distance : 7855.219327958391
crossover times : 186282
use time : 11.163088955260719

[14, 5, 3, 24, 11, 27, 26, 25, 46, 13, 12, 51, 10, 50, 32, 42, 9, 8, 7, 40, 18, 44, 31, 48, 0, 21, 30, 17, 2, 16, 20, 41, 6, 1, 29, 22, 19, 49, 28, 15, 45, 43, 33, 34, 35, 38, 39, 36, 37, 47, 23, 4]
distance : 7544.662211251629
crossover times : 183808
use time : 11.019730886473099

[48, 31, 44, 18, 40, 7, 8, 9, 42, 32, 50, 10, 51, 13, 12, 46, 25, 26, 27, 11, 24, 3, 5, 14, 4, 23, 47, 37, 36, 39, 38, 35, 0, 21, 30, 17, 2, 16, 20, 41, 6, 1, 29, 22, 19, 49, 28, 15, 45, 43, 33, 34]
distance : 7675.774696982933
crossover times : 189931
use time : 11.35887920682353

[8, 9, 18, 44, 31, 48, 21, 0, 43, 33, 34, 35, 38, 39, 36, 37, 14, 5, 4, 23, 47, 45, 24, 3, 42, 32, 50, 10, 11, 27, 26, 25, 12, 51, 13, 46, 28, 15, 49, 19, 22, 29, 41, 1, 6, 16, 20, 30, 17, 2, 40, 7]
distance : 8404.33102925469
crossover times : 183305
use time : 10.826699510422714

[14, 5, 3, 24, 11, 27, 26, 25, 46, 12, 13, 51, 10, 50, 32, 42, 9, 8, 7, 40, 18, 44, 31, 48, 0, 21, 30, 17, 2, 16, 20, 41, 6, 1, 29, 22, 19, 49, 28, 15, 43, 45, 33, 34, 35, 38, 39, 36, 37, 47, 23, 4]
distance : 7602.036231709895
crossover times : 191257
use time : 11.413148997752614

[31, 44, 18, 40, 7, 8, 9, 42, 32, 50, 10, 51, 12, 13, 46, 25, 26, 27, 11, 24, 3, 5, 14, 4, 23, 47, 37, 36, 39, 38, 35, 34, 33, 43, 45, 15, 28, 49, 19, 22, 29, 1, 6, 41, 20, 16, 2, 17, 30, 21, 0, 48]
distance : 7544.662211251629
crossover times : 187186
use time : 11.140230111566325

[43, 33, 34, 35, 38, 39, 36, 37, 47, 23, 4, 14, 5, 3, 42, 32, 50, 11, 10, 51, 13, 12, 46, 25, 26, 27, 24, 45, 15, 28, 29, 1, 6, 41, 20, 16, 2, 40, 7, 8, 9, 18, 44, 31, 48, 0, 21, 17, 30, 22, 19, 49]
distance : 8146.059298591163
crossover times : 197938
use time : 11.499438577044202

[20, 16, 2, 17, 30, 21, 0, 48, 31, 44, 18, 40, 7, 8, 9, 42, 32, 50, 10, 11, 27, 25, 26, 12, 51, 13, 46, 28, 15, 45, 24, 3, 5, 14, 4, 23, 47, 37, 36, 39, 38, 35, 34, 33, 43, 49, 19, 22, 29, 1, 6, 41]
distance : 7998.762862690578
crossover times : 179244
use time : 10.650596216809845

